vSuma[0]=285.000000 /
vSuma[1]=330.000000 /
vSuma[2]=375.000000 /
vSuma[3]=420.000000 /
vSuma[4]=465.000000 /
vSuma[5]=510.000000 /
vSuma[6]=555.000000 /
vSuma[7]=600.000000 /
vSuma[8]=645.000000 /
vSuma[9]=690.000000 /
0.000064 
