1.362738 
vFinal[0]=0.000000 /
 vFinal[14999]=2812162510000.000000  /
